<?xml version="1.0" encoding="UTF-8"?><kml xmlns="http://www.opengis.net/kml/2.2"><Document><name>JYB928 2019-01-02 0547</name><Style id="yellowLine"><LineStyle><color>ff00ffff</color><width>3</width></LineStyle></Style><Placemark><name>Route</name><styleUrl>#yellowLine</styleUrl><LineString><coordinates>
175.8697252497434,-38.201855144206235,0.000000
175.86929189999998,-38.211551500000006,0.000000
175.86929189999998,-38.211551500000006,0.000000
175.86947859999998,-38.2122993,0.000000
175.8696818,-38.212836500000009,0.000000
175.8697839,-38.2130399,0.000000
175.869801,-38.213078499999995,0.000000
175.869801,-38.213078499999995,0.000000
175.8698593,-38.21319969999999,0.000000
175.8700013,-38.2134357,0.000000
175.87016069999999,-38.2136561,0.000000
175.87021030000002,-38.213720599999995,0.000000
175.8702674,-38.2137992,0.000000
175.8702674,-38.2137992,0.000000
175.87039009999998,-38.2138767,0.000000
175.8706513,-38.2141594,0.000000
175.8706513,-38.2141594,0.000000
175.87081469999998,-38.2143152,0.000000
175.87081469999998,-38.2143152,0.000000
175.8710023,-38.214481,0.000000
175.8710023,-38.214481,0.000000
175.87129997848646,-38.21471552678841,0.000000
175.8713431,-38.214749499999996,0.000000
175.8713431,-38.214749499999996,0.000000
175.8714027,-38.2147876,0.000000
175.8715148,-38.2148683,0.000000
175.8716273,-38.214952299999993,0.000000
175.8716428,-38.214967000000009,0.000000
175.8716428,-38.214967000000009,0.000000
175.8717742,-38.2150643,0.000000
175.87190610000002,-38.215170799999989,0.000000
175.8720004,-38.2152573,0.000000
175.8720706,-38.2153257,0.000000
175.8720706,-38.2153257,0.000000
175.8721455,-38.2154046,0.000000
175.87224139999998,-38.2155239,0.000000
175.87235619999998,-38.2157392,0.000000
175.8724409,-38.215906300000007,0.000000
175.8724409,-38.215906300000007,0.000000
175.87248889999998,-38.2160201,0.000000
175.8725598,-38.2161706,0.000000
175.8726759,-38.2163746,0.000000
175.8726759,-38.2163746,0.000000
175.872793,-38.216620200000008,0.000000
175.872793,-38.216620200000008,0.000000
175.87298339999998,-38.2170509,0.000000
175.87298339999998,-38.2170509,0.000000
175.87314849999999,-38.2173682,0.000000
175.87314849999999,-38.2173682,0.000000
175.87318349999998,-38.217436899999996,0.000000
175.87318349999998,-38.217436899999996,0.000000
175.8732297,-38.217529899999995,0.000000
175.8735147,-38.218139799999996,0.000000
175.87773402147835,-38.227790780558244,0.000000
175.87798909999998,-38.2284682,0.000000
175.8782158,-38.2290406,0.000000
175.8782158,-38.2290406,0.000000
175.8783816,-38.2294747,0.000000
175.8783816,-38.2294747,0.000000
175.8785718,-38.229993199999996,0.000000
175.8787557,-38.230475399999996,0.000000
175.8787557,-38.230475399999996,0.000000
175.878825,-38.2306763,0.000000
175.8789736,-38.2310615,0.000000
175.8789736,-38.2310615,0.000000
175.8790746,-38.231327199999996,0.000000
175.8793147,-38.2319034,0.000000
175.88882190534227,-38.251740602415275,0.000000
175.89788268097229,-38.26279301566337,0.000000
175.89832919999998,-38.263449099999995,0.000000
175.8985866,-38.2638503,0.000000
175.8987832,-38.2641828,0.000000
175.89888349999998,-38.2644234,0.000000
175.8989589,-38.2646565,0.000000
175.89903189999998,-38.264911300000009,0.000000
175.8990768,-38.265135099999988,0.000000
175.899105,-38.265384000000005,0.000000
175.89910899999998,-38.2659113,0.000000
175.8990706,-38.2671394,0.000000
175.89907929999998,-38.2676736,0.000000
175.899107,-38.267912,0.000000
175.89916739999998,-38.2681847,0.000000
175.8991949,-38.2682815,0.000000
175.89921220000002,-38.268353699999992,0.000000
175.89923550000003,-38.268429100000006,0.000000
175.8993536,-38.268696799999994,0.000000
175.8995225,-38.2690054,0.000000
175.89974139999998,-38.269346999999996,0.000000
175.9003071,-38.270129,0.000000
175.9003521,-38.2701935,0.000000
175.9005198,-38.270474,0.000000
175.9007432,-38.2709592,0.000000
175.9016346,-38.273000900000007,0.000000
175.90192489999998,-38.273683299999995,0.000000
175.9020377,-38.273954499999995,0.000000
175.90218249999998,-38.274327000000007,0.000000
175.90231050000003,-38.274718799999995,0.000000
175.9025476,-38.2756113,0.000000
175.9025476,-38.2756113,0.000000
175.9026227,-38.2757265,0.000000
175.9029526,-38.2768742,0.000000
175.90302939999998,-38.2770937,0.000000
175.90302939999998,-38.2770937,0.000000
175.9030855,-38.277296199999988,0.000000
175.9030855,-38.277296199999988,0.000000
175.9031123,-38.277356499999996,0.000000
175.9031123,-38.277356499999996,0.000000
175.90311219999998,-38.277476000000007,0.000000
175.90311219999998,-38.277476000000007,0.000000
175.9031483,-38.277578399999996,0.000000
175.9031483,-38.277578399999996,0.000000
175.9031972,-38.277751699999989,0.000000
175.9031972,-38.277751699999989,0.000000
175.9033184,-38.278098599999993,0.000000
175.9034079,-38.278358600000004,0.000000
175.9034079,-38.278358600000004,0.000000
175.9036727,-38.279119699999995,0.000000
175.91450210174389,-38.285572099230016,0.000000
175.914967,-38.285785,0.000000
175.915303,-38.2859526,0.000000
175.9172868,-38.2869961,0.000000
175.91772469999998,-38.2872006,0.000000
175.9179619,-38.28728499999999,0.000000
175.91812059999998,-38.287337,0.000000
175.9185228,-38.2874331,0.000000
175.91881379999998,-38.287486099999995,0.000000
175.9190678,-38.2875152,0.000000
175.9192952,-38.2875284,0.000000
175.91957829999998,-38.2875284,0.000000
175.91966452127329,-38.28752422654177,0.000000
175.919851,-38.2875152,0.000000
175.9203006,-38.287459500000004,0.000000
175.9206472,-38.287409200000006,0.000000
175.92137649999998,-38.287280599999995,0.000000
175.9220494,-38.287169999999989,0.000000
175.9228346,-38.2870434,0.000000
175.92347959999998,-38.286933299999994,0.000000
175.9239043,-38.2868677,0.000000
175.92429629999998,-38.286822099999995,0.000000
175.9244401,-38.2868129,0.000000
175.92472709999998,-38.286805,0.000000
175.9250428,-38.2868105,0.000000
175.9261827,-38.2868887,0.000000
175.92705049999998,-38.2869674,0.000000
175.9272925,-38.287006799999993,0.000000
175.92748319999998,-38.2870441,0.000000
175.9276037,-38.287069699999996,0.000000
175.9280153,-38.2871707,0.000000
175.92857410000002,-38.2873185,0.000000
175.9292235,-38.2874956,0.000000
175.9296791,-38.2876305,0.000000
175.9299456,-38.2877132,0.000000
175.9302837,-38.2878354,0.000000
175.93053229999998,-38.287935,0.000000
175.93077174520747,-38.288039001141257,0.000000
175.93170949999998,-38.288446300000004,0.000000
175.93188232760028,-38.288524180145778,0.000000
175.9322654,-38.2886968,0.000000
175.9325582,-38.2888453,0.000000
175.9328605,-38.289025699999989,0.000000
175.9331699,-38.289238099999992,0.000000
175.9335264,-38.289536999999996,0.000000
175.9340063,-38.290009,0.000000
175.9343759,-38.2903865,0.000000
175.9346329,-38.290677500000008,0.000000
175.93483300622768,-38.290966900069115,0.000000
175.94037432997655,-38.297851893382258,0.000000
175.94051240000002,-38.2979209,0.000000
175.9407702,-38.298034699999995,0.000000
175.94099609999998,-38.2981262,0.000000
175.9412711,-38.298223899999989,0.000000
175.9415641,-38.298318400000007,0.000000
175.9418758,-38.2984082,0.000000
175.94221639999998,-38.298488199999994,0.000000
175.94247819999998,-38.2985409,0.000000
175.9426619,-38.298572099999994,0.000000
175.94283959999999,-38.2985991,0.000000
175.94307,-38.2986279,0.000000
175.94314237867022,-38.298634349119553,0.000000
175.9433416,-38.298652100000005,0.000000
175.94357,-38.2986668,0.000000
175.9444858,-38.2986979,0.000000
175.9497549,-38.298820700000007,0.000000
175.9514739,-38.298856900000004,0.000000
175.9522745,-38.298884999999991,0.000000
175.95311719999998,-38.298925499999996,0.000000
175.953646,-38.298962199999991,0.000000
175.9541021,-38.2989973,0.000000
175.95524129999998,-38.2990952,0.000000
175.9558717,-38.2991514,0.000000
175.96380349999998,-38.3036844,0.000000
175.97092539898384,-38.312914177845073,0.000000
175.97097839999998,-38.3129441,0.000000
175.9712489,-38.3131425,0.000000
175.97138099999998,-38.313261700000005,0.000000
175.9715948,-38.3134995,0.000000
175.9715958,-38.313522899999995,0.000000
175.9716362,-38.3135597,0.000000
175.97164909999998,-38.3136063,0.000000
175.9717411,-38.3137399,0.000000
175.971796,-38.3138755,0.000000
175.97182669999998,-38.314011099999995,0.000000
175.9718866,-38.31414809999999,0.000000
175.9719927,-38.3145726,0.000000
175.9721009,-38.314807400000007,0.000000
175.9721937,-38.314940599999993,0.000000
175.9721957,-38.314986499999996,0.000000
175.9722161,-38.315009399999994,0.000000
175.97221829999998,-38.315062699999991,0.000000
175.97228959999998,-38.3151247,0.000000
175.9723637,-38.3152517,0.000000
175.9725786,-38.3154894,0.000000
175.97281949999999,-38.3156661,0.000000
175.97325880000002,-38.3158772,0.000000
175.97373869999998,-38.3160503,0.000000
175.9744862,-38.3162723,0.000000
175.9747528,-38.316378799999995,0.000000
175.97494100000003,-38.3164721,0.000000
175.9751718,-38.316625599999995,0.000000
175.976304,-38.3176064,0.000000
175.9764847,-38.3177387,0.000000
175.97671459999998,-38.317869599999995,0.000000
175.97721909999999,-38.318082600000004,0.000000
175.9778867,-38.3183084,0.000000
175.9782742,-38.3184866,0.000000
175.9784915,-38.318563799999993,0.000000
175.97934329999998,-38.3189497,0.000000
175.9794217,-38.318963,0.000000
175.9795242,-38.3190142,0.000000
175.9795892,-38.3190271,0.000000
175.9802729,-38.319334399999995,0.000000
175.9807066,-38.319497099999992,0.000000
175.9809268,-38.3196427,0.000000
175.9811289,-38.31982039999999,0.000000
175.98191359999998,-38.3205903,0.000000
175.9821292,-38.3208434,0.000000
175.9822958,-38.321075199999996,0.000000
175.98229709999998,-38.321105700000004,0.000000
175.9824215,-38.3212847,0.000000
175.9825201,-38.321503799999995,0.000000
175.98258189999999,-38.3215851,0.000000
175.9825836,-38.3216239,0.000000
175.9826498,-38.3217191,0.000000
175.98325063670103,-38.322938364034854,0.000000
175.983292,-38.3230223,0.000000
175.9833263,-38.3231288,0.000000
175.9837765,-38.324000399999996,0.000000
175.983903,-38.3242026,0.000000
175.9841262,-38.32441759999999,0.000000
175.9843376,-38.3245716,0.000000
175.9845259,-38.324664899999995,0.000000
175.98483099999999,-38.324762299999996,0.000000
175.98516340000003,-38.324829199999996,0.000000
175.9860304,-38.324924400000008,0.000000
175.9861459,-38.3249214,0.000000
175.9864572,-38.3249501,0.000000
175.986752,-38.32501709999999,0.000000
175.9868091,-38.3250156,0.000000
175.9870255,-38.3250703,0.000000
175.987193,-38.3251335,0.000000
175.9874606,-38.3252634,0.000000
175.9877105,-38.3254083,0.000000
175.98858529999998,-38.3260613,0.000000
175.9889747,-38.326308699999991,0.000000
175.989283,-38.3264521,0.000000
175.9900367,-38.3267214,0.000000
175.99089949999998,-38.3269665,0.000000
175.9913694,-38.3271035,0.000000
175.9919262,-38.3272337,0.000000
175.99247459999998,-38.32731729999999,0.000000
175.9930459,-38.3274487,0.000000
175.99509160000002,-38.3278719,0.000000
175.9951116,-38.327871500000008,0.000000
176.00671814463854,-38.339987931945245,0.000000
176.00671939999998,-38.339992200000005,0.000000
176.00692189999998,-38.3406939,0.000000
176.0071985,-38.341704799999995,0.000000
176.00723359999998,-38.3419719,0.000000
176.0072451,-38.3421081,0.000000
176.0072796,-38.342647000000007,0.000000
176.00734649999998,-38.3439049,0.000000
176.00737122932924,-38.344347810270044,0.000000
176.0015676539592,-38.362963437442787,0.000000
176.001581,-38.363118199999995,0.000000
176.0016267,-38.363328800000005,0.000000
176.0016581,-38.3634367,0.000000
176.0017048,-38.3635841,0.000000
176.0017714,-38.3637467,0.000000
176.0019348,-38.3640793,0.000000
176.0020844,-38.36434,0.000000
176.0023502,-38.3647657,0.000000
176.0025015,-38.365044499999996,0.000000
176.0025943,-38.365269500000004,0.000000
176.00264389999998,-38.3654057,0.000000
176.0026748,-38.3655055,0.000000
176.0027122,-38.365662799999996,0.000000
176.00273099999998,-38.365797400000005,0.000000
176.002745,-38.365976700000004,0.000000
176.0027505,-38.3661175,0.000000
176.00273679999998,-38.3663363,0.000000
176.00270319999998,-38.3665442,0.000000
176.00268309999998,-38.366613900000004,0.000000
176.00109684662178,-38.377255913527556,0.000000
176.0039067,-38.3819467,0.000000
176.0121182,-38.3912917,0.000000
176.03523462830546,-38.396321513941025,0.000000
176.0355684,-38.396314499999995,0.000000
176.03685389999998,-38.3962996,0.000000
176.0373225,-38.3962913,0.000000
176.0375885,-38.396298099999989,0.000000
176.0378452,-38.3963203,0.000000
176.0379973,-38.3963411,0.000000
176.0381761,-38.3963743,0.000000
176.0384162,-38.3964351,0.000000
176.0386258,-38.396500499999995,0.000000
176.0389344,-38.3966199,0.000000
176.04007930000003,-38.397084199999995,0.000000
176.0410075,-38.397464899999996,0.000000
176.0414145,-38.397624900000004,0.000000
176.0416103,-38.3976968,0.000000
176.041931,-38.3977992,0.000000
176.04279409999998,-38.398044399999989,0.000000
176.0443224,-38.3984324,0.000000
176.0445406,-38.398488199999996,0.000000
176.04511309999998,-38.3986427,0.000000
176.0453713,-38.398735099999996,0.000000
176.04553758406203,-38.3988135129806,0.000000
176.05068285379383,-38.401937616238328,0.000000
176.05221757005648,-38.410011440327295,0.000000
176.05147700959336,-38.41486255312828,0.000000
176.05150179999998,-38.414980799999995,0.000000
176.0515414,-38.4151579,0.000000
176.05168989999999,-38.415867899999995,0.000000
176.0517381,-38.4160755,0.000000
176.0517937,-38.4164184,0.000000
176.0519606,-38.4171292,0.000000
176.0520683,-38.417398199999994,0.000000
176.05213179999998,-38.4175396,0.000000
176.05219699999998,-38.417666399999995,0.000000
176.05249999999998,-38.4181405,0.000000
176.0526083,-38.4183278,0.000000
176.0545234,-38.4212254,0.000000
176.0549658,-38.421871,0.000000
176.0554424,-38.422595199999996,0.000000
176.0557306,-38.4230936,0.000000
176.0563871,-38.4243132,0.000000
176.0565093,-38.4245227,0.000000
176.0595932,-38.432544,0.000000
176.05912229056895,-38.43984761052328,0.000000
176.0591902,-38.4400797,0.000000
176.0593006,-38.4404373,0.000000
176.0593006,-38.4404373,0.000000
176.0594496,-38.440964099999995,0.000000
176.0595357,-38.441238299999995,0.000000
176.0595357,-38.441238299999995,0.000000
176.05969123201189,-38.441755442835458,0.000000
176.05825489709142,-38.454438168969638,0.000000
176.05950099999998,-38.460549499999992,0.000000
176.05769797890326,-38.48098191105283,0.000000
176.0576116,-38.481099799999996,0.000000
176.05749090000003,-38.4812528,0.000000
176.0571852,-38.481594999999992,0.000000
176.05682741817765,-38.4819222264265,0.000000
176.05184749937266,-38.490387523205769,0.000000
176.05180969999998,-38.490616500000009,0.000000
176.0517959,-38.49079,0.000000
176.0518042,-38.491079000000006,0.000000
176.0518262,-38.4912469,0.000000
176.051862,-38.4914589,0.000000
176.0519582,-38.4918942,0.000000
176.05204319999999,-38.4922478,0.000000
176.0521302,-38.492600999999993,0.000000
176.0524162,-38.49384,0.000000
176.0526659,-38.494985199999995,0.000000
176.05269085800109,-38.495141376692374,0.000000
176.0526989,-38.4951917,0.000000
176.0527127,-38.4953238,0.000000
176.0527182,-38.4955055,0.000000
176.05271009999998,-38.4957998,0.000000
176.0526908,-38.495940399999995,0.000000
176.0526275,-38.4962377,0.000000
176.0525284,-38.496592799999988,0.000000
176.0524678,-38.496755199999996,0.000000
176.05242379999999,-38.496917599999996,0.000000
176.052325,-38.4972048,0.000000
176.0521628,-38.497729199999995,0.000000
176.05205540000003,-38.498078899999996,0.000000
176.0519779,-38.498310599999996,0.000000
176.05194469999998,-38.498428,0.000000
176.0516572,-38.4993602,0.000000
176.051595,-38.499525399999996,0.000000
176.0514907,-38.4998797,0.000000
176.05134149999998,-38.500349199999995,0.000000
176.05123799999998,-38.5006996,0.000000
176.0510972,-38.5011211,0.000000
176.0506829,-38.502444999999994,0.000000
176.05042709999998,-38.503248400000004,0.000000
176.04599629656667,-38.5232581197148,0.000000
176.04599620000002,-38.5232872,0.000000
176.0460087,-38.523519799999995,0.000000
176.0460172,-38.5236155,0.000000
176.0460172,-38.5236155,0.000000
176.04601870000002,-38.523636999999994,0.000000
176.04604360000002,-38.523765300000008,0.000000
176.0460932,-38.523957899999992,0.000000
176.0461647,-38.524134499999995,0.000000
176.0462421,-38.524281399999992,0.000000
176.046379,-38.524505699999992,0.000000
176.0464426,-38.524575199999994,0.000000
176.0464426,-38.524575199999994,0.000000
176.0465081,-38.524648600000006,0.000000
176.0466204,-38.524769,0.000000
176.0468123,-38.5249407,0.000000
176.0470439,-38.525138600000005,0.000000
176.04725240000002,-38.5253115,0.000000
176.0473566,-38.525402199999995,0.000000
176.0475124,-38.5255345,0.000000
176.0477089,-38.5256906,0.000000
176.04783089999998,-38.5257939,0.000000
176.04862169999998,-38.5264466,0.000000
176.0489336,-38.5267109,0.000000
176.0489336,-38.5267109,0.000000
176.0491936,-38.5269669,0.000000
176.04928289999998,-38.5270662,0.000000
176.0493779,-38.5271903,0.000000
176.0494689,-38.527318199999989,0.000000
176.0495881,-38.5275101,0.000000
176.0496705,-38.527678,0.000000
176.0496705,-38.527678,0.000000
176.0498003,-38.527978499999996,0.000000
176.0498606,-38.528112199999988,0.000000
176.05015219999999,-38.528834599999989,0.000000
176.0502532,-38.529076299999993,0.000000
176.05032699999998,-38.5292774,0.000000
176.0505598,-38.5298655,0.000000
176.0507522,-38.5303837,0.000000
176.0508205,-38.5305554,0.000000
176.0510239,-38.531071000000004,0.000000
176.0512224,-38.5315878,0.000000
</coordinates></LineString></Placemark>
<Placemark><name>Jan-02-2019 08:25:47AM</name><description></description><styleUrl>#car_services.png</styleUrl><Point><coordinates>175.8697052,-38.2018585,0.000000</coordinates></Point></Placemark>
<Placemark><name>Jan-02-2019 08:26:47AM</name><description></description><styleUrl>#car_services.png</styleUrl><Point><coordinates>175.8694763,-38.2123604,0.000000</coordinates></Point></Placemark>
<Placemark><name>Jan-02-2019 08:27:07AM</name><description></description><styleUrl>#car_services.png</styleUrl><Point><coordinates>175.8712921,-38.2147217,0.000000</coordinates></Point></Placemark>
<Placemark><name>Jan-02-2019 08:27:47AM</name><description></description><styleUrl>#car_services.png</styleUrl><Point><coordinates>175.8741608,-38.2195396,0.000000</coordinates></Point></Placemark>
<Placemark><name>Jan-02-2019 08:28:47AM</name><description></description><styleUrl>#car_services.png</styleUrl><Point><coordinates>175.8777008,-38.2277985,0.000000</coordinates></Point></Placemark>
<Placemark><name>Jan-02-2019 08:29:47AM</name><description></description><styleUrl>#car_services.png</styleUrl><Point><coordinates>175.8822784,-38.239109,0.000000</coordinates></Point></Placemark>
<Placemark><name>Jan-02-2019 08:30:47AM</name><description></description><styleUrl>#car_services.png</styleUrl><Point><coordinates>175.8888245,-38.2517395,0.000000</coordinates></Point></Placemark>
<Placemark><name>Jan-02-2019 08:31:47AM</name><description></description><styleUrl>#car_services.png</styleUrl><Point><coordinates>175.8978882,-38.2627907,0.000000</coordinates></Point></Placemark>
<Placemark><name>Jan-02-2019 08:32:47AM</name><description></description><styleUrl>#car_services.png</styleUrl><Point><coordinates>175.9027863,-38.2764206,0.000000</coordinates></Point></Placemark>
<Placemark><name>Jan-02-2019 08:33:10AM</name><description></description><styleUrl>#car_services.png</styleUrl><Point><coordinates>175.9048767,-38.2812996,0.000000</coordinates></Point></Placemark>
<Placemark><name>Jan-02-2019 08:33:47AM</name><description></description><styleUrl>#car_services.png</styleUrl><Point><coordinates>175.914505,-38.2855682,0.000000</coordinates></Point></Placemark>
<Placemark><name>Jan-02-2019 08:34:06AM</name><description></description><styleUrl>#car_services.png</styleUrl><Point><coordinates>175.9196625,-38.2874985,0.000000</coordinates></Point></Placemark>
<Placemark><name>Jan-02-2019 08:34:43AM</name><description></description><styleUrl>#car_services.png</styleUrl><Point><coordinates>175.9307709,-38.2880402,0.000000</coordinates></Point></Placemark>
<Placemark><name>Jan-02-2019 08:34:47AM</name><description></description><styleUrl>#car_services.png</styleUrl><Point><coordinates>175.9318848,-38.2885208,0.000000</coordinates></Point></Placemark>
<Placemark><name>Jan-02-2019 08:35:01AM</name><description></description><styleUrl>#car_services.png</styleUrl><Point><coordinates>175.9347992,-38.2909813,0.000000</coordinates></Point></Placemark>
<Placemark><name>Jan-02-2019 08:35:37AM</name><description></description><styleUrl>#car_services.png</styleUrl><Point><coordinates>175.9403839,-38.2978401,0.000000</coordinates></Point></Placemark>
<Placemark><name>Jan-02-2019 08:35:47AM</name><description></description><styleUrl>#car_services.png</styleUrl><Point><coordinates>175.9431458,-38.2986107,0.000000</coordinates></Point></Placemark>
<Placemark><name>Jan-02-2019 08:36:47AM</name><description></description><styleUrl>#car_services.png</styleUrl><Point><coordinates>175.9614868,-38.2999001,0.000000</coordinates></Point></Placemark>
<Placemark><name>Jan-02-2019 08:37:05AM</name><description></description><styleUrl>#car_services.png</styleUrl><Point><coordinates>175.9659882,-38.3024902,0.000000</coordinates></Point></Placemark>
<Placemark><name>Jan-02-2019 08:37:47AM</name><description></description><styleUrl>#car_services.png</styleUrl><Point><coordinates>175.9723511,-38.3113594,0.000000</coordinates></Point></Placemark>
<Placemark><name>Jan-02-2019 08:38:47AM</name><description></description><styleUrl>#car_services.png</styleUrl><Point><coordinates>175.9863739,-38.321991,0.000000</coordinates></Point></Placemark>
<Placemark><name>Jan-02-2019 08:39:47AM</name><description></description><styleUrl>#car_services.png</styleUrl><Point><coordinates>176.0007019,-38.3310089,0.000000</coordinates></Point></Placemark>
<Placemark><name>Jan-02-2019 08:40:29AM</name><description></description><styleUrl>#car_services.png</styleUrl><Point><coordinates>176.0067139,-38.3399887,0.000000</coordinates></Point></Placemark>
<Placemark><name>Jan-02-2019 08:40:47AM</name><description></description><styleUrl>#car_services.png</styleUrl><Point><coordinates>176.0073395,-38.3443489,0.000000</coordinates></Point></Placemark>
<Placemark><name>Jan-02-2019 08:41:47AM</name><description></description><styleUrl>#car_services.png</styleUrl><Point><coordinates>176.0033264,-38.3575783,0.000000</coordinates></Point></Placemark>
<Placemark><name>Jan-02-2019 08:42:11AM</name><description></description><styleUrl>#car_services.png</styleUrl><Point><coordinates>176.0016174,-38.3629608,0.000000</coordinates></Point></Placemark>
<Placemark><name>Jan-02-2019 08:42:47AM</name><description></description><styleUrl>#car_services.png</styleUrl><Point><coordinates>176.0014954,-38.3706512,0.000000</coordinates></Point></Placemark>
<Placemark><name>Jan-02-2019 08:43:16AM</name><description></description><styleUrl>#car_services.png</styleUrl><Point><coordinates>176.0011139,-38.3772507,0.000000</coordinates></Point></Placemark>
<Placemark><name>Jan-02-2019 08:43:47AM</name><description></description><styleUrl>#car_services.png</styleUrl><Point><coordinates>176.0055237,-38.3839417,0.000000</coordinates></Point></Placemark>
<Placemark><name>Jan-02-2019 08:44:43AM</name><description></description><styleUrl>#car_services.png</styleUrl><Point><coordinates>176.0161133,-38.3937988,0.000000</coordinates></Point></Placemark>
<Placemark><name>Jan-02-2019 08:44:47AM</name><description></description><styleUrl>#car_services.png</styleUrl><Point><coordinates>176.0171967,-38.3941307,0.000000</coordinates></Point></Placemark>
<Placemark><name>Jan-02-2019 08:45:47AM</name><description></description><styleUrl>#car_services.png</styleUrl><Point><coordinates>176.0352325,-38.3962593,0.000000</coordinates></Point></Placemark>
<Placemark><name>Jan-02-2019 08:46:24AM</name><description></description><styleUrl>#car_services.png</styleUrl><Point><coordinates>176.0455627,-38.3987808,0.000000</coordinates></Point></Placemark>
<Placemark><name>Jan-02-2019 08:46:47AM</name><description></description><styleUrl>#car_services.png</styleUrl><Point><coordinates>176.0506287,-38.4019585,0.000000</coordinates></Point></Placemark>
<Placemark><name>Jan-02-2019 08:47:24AM</name><description></description><styleUrl>#car_services.png</styleUrl><Point><coordinates>176.0522156,-38.4100113,0.000000</coordinates></Point></Placemark>
<Placemark><name>Jan-02-2019 08:47:47AM</name><description></description><styleUrl>#car_services.png</styleUrl><Point><coordinates>176.0514984,-38.4148598,0.000000</coordinates></Point></Placemark>
<Placemark><name>Jan-02-2019 08:48:47AM</name><description></description><styleUrl>#car_services.png</styleUrl><Point><coordinates>176.0578461,-38.4279404,0.000000</coordinates></Point></Placemark>
<Placemark><name>Jan-02-2019 08:49:22AM</name><description></description><styleUrl>#car_services.png</styleUrl><Point><coordinates>176.0596771,-38.4360008,0.000000</coordinates></Point></Placemark>
<Placemark><name>Jan-02-2019 08:49:39AM</name><description></description><styleUrl>#car_services.png</styleUrl><Point><coordinates>176.0591736,-38.4398384,0.000000</coordinates></Point></Placemark>
<Placemark><name>Jan-02-2019 08:49:47AM</name><description></description><styleUrl>#car_services.png</styleUrl><Point><coordinates>176.0597229,-38.4417496,0.000000</coordinates></Point></Placemark>
<Placemark><name>Jan-02-2019 08:50:47AM</name><description></description><styleUrl>#car_services.png</styleUrl><Point><coordinates>176.0582886,-38.4544411,0.000000</coordinates></Point></Placemark>
<Placemark><name>Jan-02-2019 08:51:47AM</name><description></description><styleUrl>#car_services.png</styleUrl><Point><coordinates>176.0595703,-38.4678802,0.000000</coordinates></Point></Placemark>
<Placemark><name>Jan-02-2019 08:52:42AM</name><description></description><styleUrl>#car_services.png</styleUrl><Point><coordinates>176.0576935,-38.4809799,0.000000</coordinates></Point></Placemark>
<Placemark><name>Jan-02-2019 08:52:47AM</name><description></description><styleUrl>#car_services.png</styleUrl><Point><coordinates>176.0567932,-38.4818993,0.000000</coordinates></Point></Placemark>
<Placemark><name>Jan-02-2019 08:53:27AM</name><description></description><styleUrl>#car_services.png</styleUrl><Point><coordinates>176.0518799,-38.4903908,0.000000</coordinates></Point></Placemark>
<Placemark><name>Jan-02-2019 08:53:47AM</name><description></description><styleUrl>#car_services.png</styleUrl><Point><coordinates>176.0527039,-38.4951401,0.000000</coordinates></Point></Placemark>
<Placemark><name>Jan-02-2019 08:54:47AM</name><description></description><styleUrl>#car_services.png</styleUrl><Point><coordinates>176.0484924,-38.5093994,0.000000</coordinates></Point></Placemark>
<Placemark><name>Jan-02-2019 08:55:47AM</name><description></description><styleUrl>#car_services.png</styleUrl><Point><coordinates>176.0460358,-38.5232582,0.000000</coordinates></Point></Placemark>
<Placemark><name>Jan-02-2019 08:55:53AM</name><description></description><styleUrl>#car_services.png</styleUrl><Point><coordinates>176.0465546,-38.524559,0.000000</coordinates></Point></Placemark>
<Placemark><name>Jan-02-2019 08:56:35AM</name><description></description><styleUrl>#car_services.png</styleUrl><Point><coordinates>176.0517883,-38.5334587,0.000000</coordinates></Point></Placemark>
<Placemark><name>Jan-02-2019 08:56:43AM</name><description></description><styleUrl>#car_services.png</styleUrl><Point><coordinates>176.0511932,-38.5352287,0.000000</coordinates></Point></Placemark>
</Document></kml>
